N = 600
0, 2399552
1, 589582
2, 545644
3, 607215
4, 450828
5, 393730
6, 727786
7, 663024
8, 748361
9, 722477
10, 635786
11, 451496
12, 397278
13, 406732
14, 349304
15, 310554
16, 309461
17, 220575
18, 221046
19, 228606
20, 249008
21, 204370
22, 231904
23, 232042
24, 193269
25, 270383
26, 200089
27, 209144
28, 182600
29, 206028
30, 304570
31, 295368
32, 320552
33, 369610
34, 354508
35, 336532
36, 311226
37, 324237
38, 315503
39, 423501
40, 326274
41, 304232
42, 374325
43, 309226
44, 366836
45, 317315
46, 334523
47, 403604
48, 313944
49, 359001
50, 332852
51, 323540
52, 342220
53, 323771
54, 323196
55, 328342
56, 306890
57, 302169
58, 329653
59, 341765
60, 324009
61, 338851
62, 308534
63, 340279
64, 339256
65, 328125
66, 336998
67, 300569
68, 331888
69, 301193
70, 327772
71, 331199
72, 301976
73, 330337
74, 304745
75, 366763
76, 304121
77, 311973
78, 331429
79, 324742
80, 362159
81, 337497
82, 297939
83, 304110
84, 233499
85, 304165
86, 243446
87, 253679
88, 301536
89, 251492
90, 279609
91, 275135
92, 225834
93, 210053
94, 215867
95, 240799
96, 249586
97, 567860
98, 213296
99, 211421
100, 211851
101, 290670
102, 208051
103, 211451
104, 230801
105, 210214
106, 238242
107, 206822
108, 337878
109, 216866
110, 220054
111, 268601
112, 237163
113, 224909
114, 242229
115, 219254
116, 283488
117, 227453
118, 243472
119, 250351
120, 216857
121, 244679
122, 250166
123, 288884
124, 233606
125, 219930
126, 221247
127, 306226
128, 217539
129, 221976
130, 250426
131, 293492
132, 230986
133, 205807
134, 270849
135, 203167
136, 207826
137, 272553
138, 318016
139, 214487
140, 236181
141, 200209
142, 249981
143, 212302
144, 229228
145, 195186
146, 239395
147, 247335
148, 215054
149, 260794
150, 180659
151, 248812
152, 180514
153, 255244
154, 170226
155, 194882
156, 177390
157, 205229
158, 176648
159, 201280
160, 185198
161, 213852
162, 180039
163, 197953
164, 224575
165, 185032
166, 178807
167, 216534
168, 207709
169, 252101
170, 179934
171, 208637
172, 201822
173, 167035
174, 170973
175, 207192
176, 206360
177, 173906
178, 175445
179, 270695
180, 187976
181, 186058
182, 176546
183, 242401
184, 180919
185, 181735
186, 178152
187, 244726
188, 181440
189, 201908
190, 180118
191, 231864
192, 182747
193, 206351
194, 233997
195, 183047
196, 174060
197, 183028
198, 233278
199, 208296
200, 174292
201, 175863
202, 269291
203, 232742
204, 176569
205, 176780
206, 213280
207, 293679
208, 163596
209, 138833
210, 209056
211, 154722
212, 144720
213, 208923
214, 183887
215, 145511
216, 137493
217, 139896
218, 137321
219, 176236
220, 145758
221, 137753
222, 138452
223, 194041
224, 146280
225, 134782
226, 134581
227, 135399
228, 140605
229, 140162
230, 135185
231, 134169
232, 140713
233, 188215
234, 164114
235, 142664
236, 145291
237, 136089
238, 136062
239, 167263
240, 140034
241, 144560
242, 127730
243, 165416
244, 163486
245, 129876
246, 135443
247, 153512
248, 127642
249, 146582
250, 118444
251, 117654
252, 119443
253, 129148
254, 120488
255, 145271
256, 124860
257, 133919
258, 110219
259, 126122
260, 154893
261, 117605
262, 117287
263, 119323
264, 134514
265, 123322
266, 143200
267, 120752
268, 126571
269, 129038
270, 116074
271, 120351
272, 146908
273, 123774
274, 122717
275, 118960
276, 154999
277, 130344
278, 123126
279, 115017
280, 124490
281, 125202
282, 116991
283, 115858
284, 124076
285, 124197
286, 123768
287, 115639
288, 115929
289, 123779
290, 143123
291, 119070
292, 159577
293, 114842
294, 106065
295, 111194
296, 114530
297, 114611
298, 118966
299, 107225
300, 106445
301, 112742
302, 131766
303, 114548
304, 123895
305, 107589
306, 113394
307, 111110
308, 107118
309, 100388
310, 85752
311, 76368
312, 75237
313, 74508
314, 81366
315, 77559
316, 74124
317, 74187
318, 97055
319, 92813
320, 71991
321, 73075
322, 76538
323, 82858
324, 82230
325, 72824
326, 72415
327, 84321
328, 76213
329, 72253
330, 75453
331, 76282
332, 78589
333, 71626
334, 72953
335, 78181
336, 93432
337, 71776
338, 72862
339, 75797
340, 74757
341, 70540
342, 70312
343, 74620
344, 74809
345, 71635
346, 84735
347, 75638
348, 75226
349, 73010
350, 71468
351, 74194
352, 74354
353, 71393
354, 71260
355, 74483
356, 88119
357, 75921
358, 72491
359, 70316
360, 75453
361, 75132
362, 72028
363, 70308
364, 74178
365, 74614
366, 79566
367, 73144
368, 74542
369, 74139
370, 70919
371, 70232
372, 76075
373, 74136
374, 70113
375, 71524
376, 80471
377, 74592
378, 73821
379, 70759
380, 70943
381, 76863
382, 75578
383, 77638
384, 71216
385, 84184
386, 76099
387, 70950
388, 71086
389, 75257
390, 75460
391, 71961
392, 70252
393, 74835
394, 85829
395, 76829
396, 70430
397, 75161
398, 74711
399, 70143
400, 70732
401, 70562
402, 74797
403, 74332
404, 79465
405, 81642
406, 75973
407, 70705
408, 69675
409, 69485
410, 74979
411, 76471
412, 70731
413, 70159
414, 73877
415, 96894
416, 71067
417, 73717
418, 76642
419, 100190
420, 78494
421, 70497
422, 70656
423, 76191
424, 88814
425, 70925
426, 76277
427, 75197
428, 70559
429, 70953
430, 70360
431, 75720
432, 73234
433, 71503
434, 78938
435, 79940
436, 77274
437, 72003
438, 71472
439, 74145
440, 76713
441, 70885
442, 102761
443, 77741
444, 72689
445, 69814
446, 69542
447, 68794
448, 97382
449, 68965
450, 67590
451, 68180
452, 66444
453, 66555
454, 66115
455, 66353
456, 65756
457, 65479
458, 64591
459, 65378
460, 66319
461, 79630
462, 74372
463, 84466
464, 70466
465, 74186
466, 73412
467, 70602
468, 70030
469, 73960
470, 65994
471, 75407
472, 69872
473, 64869
474, 66466
475, 65431
476, 65794
477, 65643
478, 64756
479, 64752
480, 65477
481, 64872
482, 65091
483, 63772
484, 63697
485, 72017
486, 67520
487, 65681
488, 63903
489, 63456
490, 63447
491, 63943
492, 63633
493, 64429
494, 64753
495, 65690
496, 64755
497, 64863
498, 63976
499, 72147
500, 68101
501, 64696
502, 63718
503, 63630
504, 63735
505, 63853
506, 64281
507, 63588
508, 63380
509, 63245
510, 63872
511, 134830
512, 96911
513, 94892
514, 99446
515, 94253
516, 92671
517, 97354
518, 98762
519, 98452
520, 115812
521, 101339
522, 102379
523, 103153
524, 104988
525, 103217
526, 100805
527, 101230
528, 115610
529, 105819
530, 130332
531, 104310
532, 102133
533, 101552
534, 103999
535, 109064
536, 106453
537, 115766
538, 101141
539, 98756
540, 101025
541, 104297
542, 97758
543, 98887
544, 113511
545, 122254
546, 97634
547, 103198
548, 101508
549, 100630
550, 109114
551, 101451
552, 102113
553, 91851
554, 84871
555, 69659
556, 68674
557, 73242
558, 67376
559, 66658
560, 65693
561, 65789
562, 65193
563, 65801
564, 63445
565, 65194
566, 64757
567, 72655
568, 69998
569, 64018
570, 63703
571, 65544
572, 64585
573, 64368
574, 63507
575, 64525
576, 65450
577, 63348
578, 66604
579, 64435
580, 64227
581, 72285
582, 67389
583, 64306
584, 63676
585, 64701
586, 63761
587, 63196
588, 63093
589, 64163
590, 63671
591, 64545
592, 64025
593, 63019
594, 63731
595, 63783
596, 71322
597, 66003
598, 63940
599, 63553
600, 63204
